30,20
30,2
30,0
26,1
26,3
30,8
30,7
30,6
30,5
30,4
30,19
30,3
0,273
0,270
3,2
3,1
3,3
10,269
10,231
10,193
10,219
10,229
10,239
10,233
10,1
10,275
10,2
10,3
11,14
11,23
11,11
11,24
11,25
11,7
11,26
11,1
11,8
11,2
11,3
9,7
9,1
9,5
9,2
9,3
8,5
8,15
8,14
8,1
8,13
8,2
8,3
12,2
12,1
12,3
20,2
20,1
20,3
19,2
19,1
19,3
18,1
18,3
14,3
13,1
13,3
52,4
52,3
52,2
52,1
52,0
48,4
48,3
48,2
48,1
48,0
45,4
45,3
45,2
45,1
45,0
42,4
42,3
42,2
42,1
42,0
41,4
41,3
41,2
2,2
41,1
41,0
40,5
40,4
40,3
40,2
40,1
2,1
40,0
30,18
30,17
30,16
30,15
30,14
30,13
30,12
2,3
30,11
30,10
